term_yr_srr_1993.rep
5.38393 23.6511 0 3.37834 79.8386
term_yr_srr_1994.rep
5.3062 24.1612 0 3.37899 77.2857
term_yr_srr_1995.rep
5.50237 23.6627 0 3.37829 79.6665
term_yr_srr_1996.rep
5.61147 23.3247 0 3.37772 80.5948
term_yr_srr_1997.rep
5.65124 24.2524 0 3.3796 82.3871
term_yr_srr_1998.rep
5.58628 25.2465 0 3.38107 82.1442
term_yr_srr_1999.rep
5.62415 25.4322 0 3.38126 85.058
term_yr_srr_2000.rep
5.57233 26.7685 0 3.3827 86.7621
term_yr_srr_2001.rep
5.55333 28.8937 0 3.38491 82.8246
term_yr_srr_2002.rep
5.45887 30.4247 0 3.38652 76.3424
term_yr_srr_2003.rep
5.46979 31.7338 0 3.38756 75.0224
term_yr_srr_2004.rep
6.06777 30.7256 0 3.38706 76.8171
term_yr_srr_2005.rep
7.19313 22.4903 0 3.37868 75.3921
term_yr_srr_2006.rep
7.153 23.7717 0 3.37064 53.5142
term_yr_srr_2007.rep
7.14788 24.9004 0 3.36891 49.1849
term_yr_srr_2008.rep
7.14926 25.2547 0 3.36868 49.4097
term_yr_srr_2009.rep
7.69733 25.5582 0 3.36856 46.1342
term_yr_srr_2010.rep
7.75952 22.5825 0 3.37068 45.4822
term_yr_srr_2011.rep
7.76531 22.981 0 3.37031 45.5929
term_yr_srr_2012.rep
7.74248 24.9717 0 3.36983 40.5504
term_yr_srr_2013.rep
8.05479 26.0074 0 3.36997 34.5784
term_yr_srr_2014.rep
8.60083 21.8781 0 3.37311 36.1368
term_yr_srr_2015.rep
8.46951 23.2803 0 3.37865 25.851
term_yr_srr_2016.rep
8.76582 23.9757 0 3.37887 24.5027
term_yr_srr_2017.rep
9.06447 21.1604 0 3.37695 22.7864
term_yr_srr_2018.rep
9.16104 22.3706 0 3.37644 15.0719
term_yr_srr_2019.rep
9.95406 22.7647 0 3.37676 11.5552
term_yr_srr_2020.rep
9.97989 21.2729 0 3.37621 0.316409
