Opening control.dat
 Minimum age for EIT is: 2
Phase fsh coef: 2 4
Phase bts coef: -2 -5
Phase ats coef: 3 5
Phase fsh logist: -1 -4
Phase bts logist: 2 5
 200 1 1 1 1 1 1 1 1 1 1 1 12.5 1 1 1 1 1 1 3.125 5 1 5 1 1 2 0 0 2 1
Opening sim_1.dat
sim_1.dat 1964 2036
 Index min and max for age comp data: 
1 Max 72
BottomTemp:
 0.80157 1.30878 0.887 0.963 0.660695 1.36387 0.937347 1.26377 1.03611 1.21835 0.770515 1.31696 0.565789 0.646255 1.44758 1.09525 1.476 0.149056 0.870974 1.0492 1.4319 1.62911 1.4676 1.49988 0.651584 0.644704 0.407247 0.439672 0.439672 0.439672 0.439672 0.439672 0.439672 0.439672 0.4 0.4 0.4 0.4 0.4 0.4 0.4 4 4 4 4 4 4 4 4 4 4 4 4 4
Opening ../data/pm_fmsy_alt.dat
Opening selvar.dat
Last yr of estimation...2034
End year, n's 2036 72 54 25 
1964 0 1
1965 0 2
1966 0 3
1967 0 4
1968 0 5
1969 0 6
1970 0 7
1971 0 8
1972 0 9
1973 0 10
1974 0 11
1975 0 12
1976 0 13
1977 0 14
1978 0 15
1979 0 16
1980 0 17
1981 0 18
1982 0 19
1983 0 20
1984 0 21
1985 0 22
1986 0 23
1987 0 24
1988 0 25
1989 0 26
1990 0 27
1991 0 28
1992 0 29
1993 0 30
1994 0 31
1995 0 32
1996 0 33
1997 0 34
1998 0 35
1999 0 36
2000 0 37
2001 0 38
2002 0 39
2003 0 40
2004 0 41
2005 0 42
2006 0 43
2007 0 44
2008 0 45
2009 0 46
2010 0 47
2011 0 48
2012 0 49
2013 0 50
2014 0 51
2015 0 52
2016 0 53
2017 0 54
2018 0 55
2019 0 56
2020 0 57
2021 0 58
2022 0 59
2023 0 60
2024 0 61
2025 0 62
2026 0 63
2027 0 64
2028 0 65
2029 0 66
2030 0 67
2031 0 68
2032 0 69
2033 0 70
2034 0 71
2035 0 72
dim_sel_ats 42
Opening cov_2023.dat
Currently using 123 as random number seed for sims
Opening ../data/wtage2023.dat
2025
10
