#styr
1964
#styr_bts
1982
#styr_ats
1994
#endyr+iproj_yr
2024
#recage
1
#nages
15
#2*p_mature
 0 0.008 0.289 0.641 0.842 0.901 0.947 0.963 0.97 1 1 1 1 1 1
#ewnsindex
 8 7 2 9 7 7 7 7 8 6 5 7 8 8 7 5 4 6 7 8 3 7 7 7 7 8 4 6 2 1 6 6 4 4 10 4 4 4 4 4 4 4 4 4 4 4 4 4 4 4 4 4 4 4 4 4 4 4 4 4 4  
 5 6 6 8 5 8 5 4 8 4 5 5 6 5 8 11 6 7 9 10 4 4 6 5 7 9 5 7 3 5 3 5 4 6 11 4 4 4 4 4 4 4 4 4 4 4 4 4 4 4 4 4 4 4 4 4 4 4 4 4 4  
#wt_fsh
 0.0066 0.17 0.303 0.447 0.589 0.722 0.84 0.942 1.029 1.102 1.163 1.212 1.253 1.286 1.312
 0.0066 0.17 0.303 0.447 0.589 0.722 0.84 0.942 1.029 1.102 1.163 1.212 1.253 1.286 1.312
 0.0066 0.17 0.303 0.447 0.589 0.722 0.84 0.942 1.029 1.102 1.163 1.212 1.253 1.286 1.312
 0.0066 0.17 0.303 0.447 0.589 0.722 0.84 0.942 1.029 1.102 1.163 1.212 1.253 1.286 1.312
 0.0066 0.17 0.303 0.447 0.589 0.722 0.84 0.942 1.029 1.102 1.163 1.212 1.253 1.286 1.312
 0.0066 0.17 0.303 0.447 0.589 0.722 0.84 0.942 1.029 1.102 1.163 1.212 1.253 1.286 1.312
 0.0066 0.17 0.303 0.447 0.589 0.722 0.84 0.942 1.029 1.102 1.163 1.212 1.253 1.286 1.312
 0.0066 0.17 0.303 0.447 0.589 0.722 0.84 0.942 1.029 1.102 1.163 1.212 1.253 1.286 1.312
 0.0066 0.17 0.303 0.447 0.589 0.722 0.84 0.942 1.029 1.102 1.163 1.212 1.253 1.286 1.312
 0.0066 0.17 0.303 0.447 0.589 0.722 0.84 0.942 1.029 1.102 1.163 1.212 1.253 1.286 1.312
 0.0066 0.17 0.303 0.447 0.589 0.722 0.84 0.942 1.029 1.102 1.163 1.212 1.253 1.286 1.312
 0.0066 0.17 0.303 0.447 0.589 0.722 0.84 0.942 1.029 1.102 1.163 1.212 1.253 1.286 1.312
 0.0066 0.17 0.303 0.447 0.589 0.722 0.84 0.942 1.029 1.102 1.163 1.212 1.253 1.286 1.312
 0.0066 0.17 0.303 0.447 0.589 0.722 0.84 0.942 1.029 1.102 1.163 1.212 1.253 1.286 1.312
 0.0066 0.17 0.303 0.447 0.589 0.722 0.84 0.942 1.029 1.102 1.163 1.212 1.253 1.286 1.312
 0.0066 0.17 0.303 0.447 0.589 0.722 0.84 0.942 1.029 1.102 1.163 1.212 1.253 1.286 1.312
 0.0066 0.17 0.303 0.447 0.589 0.722 0.84 0.942 1.029 1.102 1.163 1.212 1.253 1.286 1.312
 0.0066 0.17 0.303 0.447 0.589 0.722 0.84 0.942 1.029 1.102 1.163 1.212 1.253 1.286 1.312
 0.0066 0.17 0.303 0.447 0.589 0.722 0.84 0.942 1.029 1.102 1.163 1.212 1.253 1.286 1.312
 0.0066 0.17 0.303 0.447 0.589 0.722 0.84 0.942 1.029 1.102 1.163 1.212 1.253 1.286 1.312
 0.0066 0.17 0.303 0.447 0.589 0.722 0.84 0.942 1.029 1.102 1.163 1.212 1.253 1.286 1.312
 0.0066 0.17 0.303 0.447 0.589 0.722 0.84 0.942 1.029 1.102 1.163 1.212 1.253 1.286 1.312
 0.0066 0.17 0.303 0.447 0.589 0.722 0.84 0.942 1.029 1.102 1.163 1.212 1.253 1.286 1.312
 0.0066 0.17 0.303 0.447 0.589 0.722 0.84 0.942 1.029 1.102 1.163 1.212 1.253 1.286 1.312
 0.0066 0.17 0.303 0.447 0.589 0.722 0.84 0.942 1.029 1.102 1.163 1.212 1.253 1.286 1.312
 0.0066 0.17 0.303 0.447 0.589 0.722 0.84 0.942 1.029 1.102 1.163 1.212 1.253 1.286 1.312
 0.0066 0.17 0.303 0.447 0.589 0.722 0.84 0.942 1.029 1.102 1.163 1.212 1.253 1.286 1.312
 0.0066 0.149613 0.288293 0.485168 0.605841 0.729372 0.844097 0.882693 1.01632 1.12436 1.14108 1.23153 1.22187 1.2948 1.25161
 0.0066 0.179094 0.396803 0.464697 0.65119 0.713676 0.818543 0.985787 1.03042 1.19979 1.23651 1.26924 1.19314 1.35743 1.43139
 0.0066 0.33131 0.494728 0.612071 0.651817 0.774858 0.934476 1.06241 1.19773 1.24042 1.42334 1.53983 1.57573 1.6087 1.50769
 0.0066 0.233091 0.400051 0.651626 0.73239 0.745803 0.726973 1.07005 1.37989 1.32486 1.33502 1.40901 1.39704 1.27784 1.36979
 0.0066 0.15348 0.385612 0.505264 0.728522 0.843245 0.847296 0.969592 1.23184 1.2963 1.40068 1.40195 1.39223 1.09495 1.30551
 0.0066 0.292889 0.335606 0.445074 0.684364 0.796765 0.948379 0.955519 1.02547 1.0997 1.418 1.48923 1.52059 1.7019 1.60196
 0.0066 0.187184 0.326718 0.47687 0.559046 0.747564 0.888808 1.07409 1.09518 1.23566 1.28673 1.39973 1.56127 1.36342 1.33775
 0.0066 0.190536 0.369384 0.589302 0.618376 0.621628 0.779568 1.04002 1.16929 1.27586 1.31613 1.42772 1.44836 1.43697 1.52837
 0.0066 0.187805 0.404456 0.507016 0.643392 0.702294 0.728632 0.893662 1.03773 1.25272 1.22397 1.42242 0.99487 0.616443 1.23864
 0.0066 0.217708 0.352967 0.525657 0.629916 0.731738 0.779708 0.806638 0.967905 1.01484 1.25288 1.28642 1.10814 1.08388 1.35876
 0.0065 0.226725 0.328987 0.504777 0.667912 0.785504 0.963814 0.98564 1.06111 1.13286 1.31952 1.41111 1.56825 1.47239 1.49492
 0.0067 0.231265 0.384943 0.509822 0.667343 0.798844 0.910852 1.02574 1.11296 1.10152 1.28352 1.44217 1.57875 1.28971 1.5678
 0.0065 0.27607 0.489241 0.548784 0.651561 0.768839 0.863004 0.952784 1.08565 1.20153 1.21158 1.19445 1.37406 1.35466 1.70944
 0.0067 0.134785 0.408485 0.583891 0.641247 0.759872 0.887632 0.924377 1.0355 1.17625 1.12681 1.16678 1.3095 1.25362 1.18469
 0.0066 0.282639 0.35107 0.508227 0.641091 0.74171 0.880134 0.959955 1.06169 1.0742 1.21628 1.26798 1.21749 1.0755 1.34228
 0.0066 0.174065 0.305522 0.448377 0.606399 0.755331 0.857665 0.958631 1.06031 1.11662 1.1901 1.2182 1.27968 1.38414 1.41708
 0.00663333 0.154728 0.349006 0.507433 0.642345 0.782934 0.960534 1.10032 1.19218 1.26649 1.32689 1.48773 1.44379 1.72854 1.51178
 0.00661111 0.207633 0.328222 0.518713 0.652689 0.773937 0.899905 1.05423 1.11657 1.28886 1.45242 1.5277 1.56043 1.87355 1.64469
 0.00660444 0.135797 0.339606 0.52513 0.704768 0.878627 0.999417 1.13049 1.39829 1.47923 1.55788 1.57615 1.80694 2.0257 2.22208
 0.0497677 0.174856 0.380773 0.489989 0.66753 0.909047 1.11426 1.27686 1.37361 1.58576 1.67902 1.92345 1.9479 2.07704 2.27116
 0.0306882 0.204737 0.290306 0.508277 0.665552 0.809441 0.971459 1.22377 1.34217 1.51302 1.58174 1.62334 2.07957 1.70723 2.24224
 0.0290201 0.141973 0.270608 0.409476 0.643213 0.824138 0.97392 1.16974 1.30282 1.50945 1.59887 1.63667 1.68001 2.03115 2.06213
 0.0949551 0.14394 0.289565 0.442138 0.564462 0.780572 1.13011 1.28147 1.43958 1.68473 1.82735 1.78573 1.9339 2.15908 2.18218
 0.0143426 0.19287 0.318821 0.454132 0.616879 0.751256 0.893856 1.15635 1.30672 1.38635 1.6692 1.77335 1.70424 1.62339 2.21523
 0.0251823 0.181324 0.403995 0.462211 0.57058 0.690256 0.786074 0.886708 1.14072 1.1953 1.31541 1.67092 1.3892 1.55916 2.60008
 0.0251823 0.181324 0.408559 0.531117 0.557025 0.645972 0.731821 0.799736 0.940505 1.04341 1.17799 0.78776 0.911178 1.68392 1.42947
 0.0251823 0.19112 0.408307 0.498516 0.650287 0.693721 0.751852 0.827407 0.893922 0.911155 1.0275 0.961318 0.312212 0.701148 0.687675
 0.0251823 0.186222 0.377245 0.466752 0.573182 0.7337 0.808813 0.85317 0.906351 1.03883 0.935594 1.11007 0.568318 1.45411 1.12964
 0.0251823 0.186222 0.421912 0.565247 0.643225 0.759398 0.878483 0.962276 1.0068 1.06468 1.03499 1.18189 0.754172 1.45411 1.59285
 0.0251823 0.186222 0.387279 0.521579 0.631983 0.715572 0.799211 0.955081 1.00595 1.04026 1.18924 1.07245 1.20838 0.960739 1.56049
 0.0251823 0.186222 0.393063 0.479856 0.573715 0.689782 0.756873 0.841316 1.01066 1.12981 1.15975 1.26933 1.2145 1.40474 1.56049
 0.0251823 0.186222 0.440141 0.50607 0.573913 0.724034 0.837484 0.883259 0.983697 0.972326 1.27147 1.04423 1.23453 0.910308 1.56049
 0.0251823 0.186222 0.393757 0.548346 0.626292 0.731937 0.841516 0.910812 0.997666 1.12591 1.14196 1.17162 1.25531 1.33259 1.4725
#wt_fut
 0.0251823 0.186222 0.382396 0.514465 0.713513 0.783949 0.851316 0.960344 1.05614 1.10786 1.17923 1.29141 1.29349 1.30849 1.37907
#wt_ssb
 0.0848817 0.195868 0.313763 0.459296 0.588624 0.697818 0.796799 0.914861 1.05696 1.14723 1.29011 1.38792 1.43167 1.407 1.52287
 0.0848817 0.195868 0.313763 0.459296 0.588624 0.697818 0.796799 0.914861 1.05696 1.14723 1.29011 1.38792 1.43167 1.407 1.52287
 0.0848817 0.195868 0.313763 0.459296 0.588624 0.697818 0.796799 0.914861 1.05696 1.14723 1.29011 1.38792 1.43167 1.407 1.52287
 0.0848817 0.195868 0.313763 0.459296 0.588624 0.697818 0.796799 0.914861 1.05696 1.14723 1.29011 1.38792 1.43167 1.407 1.52287
 0.0848817 0.195868 0.313763 0.459296 0.588624 0.697818 0.796799 0.914861 1.05696 1.14723 1.29011 1.38792 1.43167 1.407 1.52287
 0.0848817 0.195868 0.313763 0.459296 0.588624 0.697818 0.796799 0.914861 1.05696 1.14723 1.29011 1.38792 1.43167 1.407 1.52287
 0.0848817 0.195868 0.311072 0.427458 0.55009 0.674562 0.797415 0.916081 1.02877 1.13434 1.23216 1.32196 1.4038 1.47791 1.54466
 0.0848817 0.195868 0.307228 0.452313 0.576279 0.701144 0.82365 0.941422 1.05284 1.15689 1.25305 1.34114 1.42128 1.49373 1.55891
 0.0848817 0.195868 0.321568 0.433307 0.585158 0.711117 0.834228 0.952199 1.0635 1.1672 1.26285 1.35033 1.42979 1.50155 1.56604
 0.0848817 0.195868 0.313585 0.464989 0.584425 0.738544 0.862507 0.980459 1.09107 1.19359 1.28774 1.37352 1.45118 1.52111 1.58381
 0.0848817 0.195868 0.329852 0.457189 0.6163 0.738007 0.890127 1.00893 1.1195 1.22133 1.31428 1.39854 1.47449 1.54261 1.60347
 0.0848817 0.195868 0.298991 0.579313 0.720039 0.883094 1.00133 1.14448 1.25047 1.34579 1.43098 1.50677 1.57395 1.63333 1.68569
 0.0848817 0.195868 0.332728 0.441983 0.729979 0.872966 1.03403 1.14712 1.28293 1.38017 1.46596 1.54132 1.60732 1.665 1.71534
 0.0848817 0.195868 0.294369 0.63373 0.759139 1.0519 1.19069 1.34093 1.43857 1.55596 1.63314 1.69822 1.75297 1.79897 1.83763
 0.0848817 0.195868 0.324975 0.425699 0.772108 0.899593 1.19052 1.32459 1.46809 1.5577 1.66634 1.73448 1.79056 1.83659 1.87429
 0.0848817 0.195868 0.32522 0.483367 0.592591 0.941505 1.06679 1.35202 1.47796 1.61177 1.69081 1.78855 1.84585 1.89142 1.92743
 0.0848817 0.195868 0.309436 0.567516 0.738667 0.851723 1.19726 1.31383 1.58662 1.69774 1.8154 1.87778 1.95892 2.00013 2.03038
 0.0848817 0.195868 0.29829 0.499527 0.767809 0.941965 1.05238 1.39108 1.49789 1.75905 1.8575 1.96208 2.01144 2.07996 2.10915
 0.0848817 0.195868 0.28816 0.424556 0.632569 0.902848 1.07525 1.18111 1.51334 1.61242 1.86517 1.95493 2.05086 2.09183 2.15238
 0.0848817 0.195868 0.338035 0.465312 0.611216 0.82203 1.08984 1.25587 1.35265 1.67403 1.7613 2.00186 2.07949 2.16366 2.19344
 0.0848817 0.195868 0.333252 0.4394 0.572117 0.719624 0.929027 1.19319 1.35402 1.44459 1.75922 1.83952 2.07314 2.14403 2.22179
 0.0848817 0.195868 0.369905 0.47498 0.588734 0.723692 0.869227 1.07353 1.33042 1.48258 1.5637 1.86858 1.93918 2.16338 2.22532
 0.0848817 0.195868 0.304231 0.439473 0.548282 0.663136 0.797126 0.940158 1.14089 1.39353 1.54104 1.61738 1.9175 1.98347 2.20328
 0.0848817 0.195868 0.349399 0.40203 0.542521 0.652877 0.76637 0.896842 1.03485 1.22961 1.47572 1.61651 1.68615 1.97977 2.03956
 0.0848817 0.195868 0.321568 0.430801 0.487801 0.62958 0.738802 0.849367 0.97566 1.10869 1.29802 1.53853 1.67375 1.73798 2.02645
 0.0848817 0.195868 0.275451 0.412535 0.52665 0.585088 0.725601 0.831551 0.937447 1.05818 1.18514 1.36821 1.6025 1.73167 1.79015
 0.0848817 0.195868 0.28947 0.422648 0.567631 0.684074 0.740464 0.875682 0.974076 1.07097 1.18188 1.29872 1.47171 1.69622 1.81609
 0.0848817 0.195868 0.303474 0.455308 0.597385 0.744991 0.859126 0.909551 1.03626 1.1245 1.21034 1.30985 1.41533 1.5773 1.79133
 0.0848817 0.195868 0.340274 0.393124 0.549769 0.693264 0.839622 0.950532 0.996355 1.11757 1.19985 1.27952 1.37288 1.47241 1.62872
 0.0848817 0.195868 0.392955 0.516439 0.578744 0.738174 0.879218 1.01924 1.12111 1.15615 1.26563 1.33578 1.40339 1.48505 1.57345
 0.0848817 0.195868 0.361138 0.534251 0.665318 0.729857 0.887321 1.02328 1.15605 1.24927 1.2749 1.37466 1.43513 1.49335 1.56609
 0.0848817 0.195868 0.316379 0.471433 0.650466 0.783277 0.846281 0.999777 1.13008 1.2561 1.34197 1.36001 1.45221 1.50536 1.55661
 0.0848817 0.195868 0.333901 0.390836 0.549886 0.730096 0.861871 0.922196 1.07187 1.19762 1.31867 1.39942 1.41236 1.49962 1.54806
 0.0848817 0.195868 0.354105 0.444891 0.507783 0.668588 0.847253 0.975036 1.02966 1.17255 1.29089 1.40431 1.47746 1.48303 1.56327
 0.0848817 0.195868 0.309331 0.400946 0.494246 0.557878 0.718031 0.895011 1.02039 1.07215 1.21191 1.32704 1.43725 1.50729 1.50989
 0.0848817 0.195868 0.329153 0.431508 0.529679 0.624911 0.686843 0.842601 1.01331 1.13121 1.17483 1.30619 1.41294 1.51504 1.57736
 0.0848817 0.195868 0.300434 0.408751 0.515378 0.614808 0.708932 0.768001 0.919673 1.08551 1.19811 1.23625 1.36216 1.46363 1.5607
 0.0848817 0.195868 0.337797 0.453002 0.569508 0.678547 0.775854 0.86449 0.915727 1.05807 1.21373 1.31584 1.34353 1.4593 1.55113
 0.0848817 0.195868 0.331896 0.44944 0.570636 0.688907 0.796393 0.889684 0.972589 1.017 1.15189 1.29988 1.39434 1.41461 1.52333
 0.0848817 0.195868 0.345542 0.441977 0.565429 0.688366 0.805105 0.908631 0.996271 1.07244 1.10951 1.23683 1.37728 1.46443 1.47775
 0.0848817 0.195868 0.333214 0.498176 0.602803 0.728668 0.849481 0.96073 1.05642 1.13472 1.20072 1.22729 1.34416 1.47447 1.55197
 0.0848817 0.195868 0.277321 0.403093 0.571805 0.677536 0.802429 0.920728 1.02839 1.11981 1.19345 1.25464 1.27642 1.38865 1.51455
 0.0848817 0.195868 0.307204 0.443658 0.578357 0.749699 0.853116 0.972025 1.08179 1.17927 1.2596 1.3218 1.3716 1.38233 1.48405
 0.0848817 0.195868 0.306246 0.492451 0.638847 0.776474 0.945239 1.04199 1.15139 1.24982 1.33496 1.40254 1.45206 1.48955 1.48858
 0.0848817 0.195868 0.305784 0.457111 0.651412 0.800194 0.935722 1.09906 1.18807 1.28824 1.37661 1.45137 1.50862 1.54811 1.57608
 0.0848817 0.195868 0.351046 0.532902 0.696418 0.894309 1.03993 1.16729 1.31897 1.39408 1.47911 1.55186 1.61106 1.65323 1.67837
 0.0848817 0.195868 0.269194 0.446664 0.633652 0.79868 0.995241 1.13742 1.25987 1.4057 1.47444 1.5529 1.61909 1.67195 1.70807
 0.0848817 0.195868 0.246138 0.431514 0.617696 0.80725 0.970019 1.16074 1.29459 1.40711 1.54212 1.59969 1.66703 1.72245 1.76504
 0.0848817 0.195868 0.277195 0.394309 0.587637 0.776162 0.963654 1.12109 1.30421 1.42899 1.53164 1.65645 1.70388 1.76137 1.80743
 0.0848817 0.195868 0.344036 0.437337 0.563045 0.758905 0.945201 1.12693 1.27615 1.44947 1.56358 1.65521 1.76906 1.80584 1.85322
 0.0848817 0.195868 0.410493 0.488791 0.58986 0.717857 0.911703 1.09279 1.26709 1.40746 1.57113 1.67528 1.75699 1.86122 1.88887
 0.0848817 0.195868 0.373447 0.448184 0.528505 0.63017 0.757642 0.950132 1.12929 1.30128 1.43913 1.60021 1.70178 1.78099 1.88284
 0.0848817 0.195868 0.29962 0.434905 0.512939 0.594232 0.695042 0.820304 1.00964 1.18503 1.35293 1.48656 1.64342 1.74091 1.81624
 0.0848817 0.195868 0.335214 0.417055 0.558643 0.638534 0.718192 0.814778 0.934012 1.11616 1.28373 1.44355 1.56913 1.7182 1.80826
 0.0848817 0.195868 0.357598 0.430726 0.517694 0.660791 0.739354 0.815576 0.907259 1.02065 1.19643 1.35743 1.51071 1.62994 1.77298
 0.0848817 0.195868 0.433823 0.546216 0.629467 0.719417 0.85989 0.931668 0.998208 1.07835 1.17917 1.34198 1.49005 1.63081 1.73812
 0.0848817 0.195868 0.374715 0.48507 0.600214 0.684275 0.773512 0.912141 0.981288 1.04469 1.12142 1.21871 1.37801 1.52269 1.6602
 0.0848817 0.195868 0.302947 0.426239 0.539358 0.655317 0.738661 0.826045 0.962029 1.02802 1.088 1.16118 1.25494 1.41082 1.55224
 0.0848817 0.195868 0.340108 0.446412 0.577403 0.692791 0.806753 0.884937 0.964956 1.09216 1.1486 1.1987 1.26205 1.34629 1.4931
 0.0848817 0.195868 0.319566 0.490613 0.604994 0.738365 0.851658 0.960207 1.03066 1.10148 1.21865 1.26473 1.30452 1.35788 1.43261
 0.0848817 0.195868 0.319566 0.490613 0.604994 0.738365 0.851658 0.960207 1.03066 1.10148 1.21865 1.26473 1.30452 1.35788 1.43261
#obs_catch
 174.792 230.551 261.678 550.362 702.181 862.789 1256.57 1743.76 1874.53 1758.92 1588.39 1356.74 1177.82 978.37 979.431 935.714 958.28 973.502 955.964 981.45 1092.06 1139.68 1141.99 859.416 1228.72 1229.6 1455.19 1195.66 1390.31 1326.61 1329.37 1264.25 1192.78 1124.43 1102.16 989.68 1132.71 1387.2 1480.78 1490.78 1480.55 1483.02 1488.03 1354.5 990.578 810.784 810.186 1199.04 1205.22 1270.77 1297.42 1321.58 1352.68 1359.18 1379.29 1409.34 1367.23 1376.26 1105.42 1260
3207.6
#obs_effort
 0.56385 0.38425 0.35362 0.67946 0.62695 0.60335 1.03848 1.55693 1.5365 1.72443 1.57266 1.49092 1.28024 1.52695 1.52195 1.51952 1.48537 1.48537 1.48537 1.48537 1.48537 1.48537 1.48537 1.48537 1.48537 1.48537 1.48537 1.48537 1.48537 1.48537 1.48537 1.48537 1.48537 1.48537 1.48537 1.48537 1.48537 1.48537 1.48537 1.5 1.5 1.5 1.5 1.5 1.5 1.5 1.5 1.5 1.5 1.5 1.5 1.5 1.5 1.5 1.5 1.5 1.5 1.5 1.5 1.4
1.4
#n_cpue
12
#yrs_cpue
 1965 1966 1967 1968 1969 1970 1971 1972 1973 1974 1975 1976
#obs_cpue
 2816.44 3473.58 3802.17 5257.3 6712.47 5679.81 5257.33 5726.74 4787.92 4740.99 4271.57 4318.52
#obs_cpue_std
 563.287 694.716 760.434 1051.46 1342.49 1135.96 1051.47 1145.35 957.585 948.199 854.315 863.705
#n_avo+iproj_yr
18
#yrs_avo
 2006 2007 2008 2009 2010 2011 2012 2013 2014 2015 2016 2017 2018 2019 2021 2022 2023
2024
#obs_avo
 1.74148 2.00191 0.991543 0.6951 1.9218 1.70382 1.5206 2.17763 3.0769 3.5927 2.8319 2.263 2.0841 2.8292 2.4101 2.9031 2.481
1.07502 
#obs_avo_std
 0.407974 0.795438 0.292865 0.390096 0.579193 0.447678 0.371938 0.390116 0.580246 0.406257 0.379093 0.317389 0.254961 0.635395 0.529929 0.45478 0.335349
0.268755 
#wt_avo
 0.0193808 0.10146 0.244145 0.378146 0.526992 0.652067 0.763604 0.846668 0.93352 0.971437 1.00115 1.14953 1.21169 1.28105 1.17992
 0.0184956 0.0871934 0.279247 0.437188 0.582489 0.686632 0.788236 0.871 0.9701 1.10271 1.10567 1.23695 1.23549 1.74946 1.23063
 0.0225536 0.0835334 0.213971 0.406608 0.575801 0.689063 0.805223 0.981971 0.96832 1.26256 1.24721 1.24665 1.38971 1.63803 1.24697
 0.02032 0.108501 0.241959 0.416451 0.646619 0.785333 0.950143 1.03062 1.06402 1.32836 1.32654 1.54704 1.55659 1.53682 1.74372
 0.0316891 0.117343 0.221258 0.441148 0.565233 0.721913 0.936799 1.33656 1.57448 1.62244 1.69253 1.89536 1.927 1.94145 1.96177
 0.0293756 0.106631 0.208973 0.408413 0.548858 0.705861 0.88747 1.13247 1.42204 1.44477 1.51042 1.64155 1.69417 1.8531 1.85972
 0.0270621 0.0959196 0.196688 0.375679 0.532484 0.689809 0.83814 0.928383 1.2696 1.26711 1.32831 1.38774 1.46134 1.76474 1.75766
 0.0293756 0.106631 0.208973 0.408413 0.548858 0.705861 0.88747 1.13247 1.42204 1.44477 1.51042 1.64155 1.69417 1.8531 1.85972
 0.0252254 0.134561 0.223625 0.394297 0.547276 0.694534 0.762828 0.997098 1.14201 1.26636 1.44411 1.711 1.90302 1.79456 1.77669
 0.0226639 0.0763707 0.206287 0.388882 0.574371 0.627038 0.805764 0.940941 1.04594 1.06551 1.30556 1.60991 1.41157 1.61146 2.22002
 0.0333002 0.109915 0.2659 0.48098 0.538858 0.632338 0.696644 0.785593 0.846709 0.960479 1.16677 1.36947 1.6232 1.68479 1.73822
 0.0216958 0.0981269 0.198306 0.398275 0.527988 0.595204 0.685968 0.73654 0.818095 0.819148 0.947347 0.815786 1.18283 1.31947 1.57843
 0.029279 0.113888 0.251123 0.406434 0.512022 0.595796 0.6786 0.721863 0.817825 0.874899 0.977608 1.04471 1.15193 1.38905 1.62617
 0.029279 0.113888 0.251123 0.406434 0.512022 0.595796 0.6786 0.721863 0.817825 0.874899 0.977608 1.04471 1.15193 1.38905 1.62617
 0.018974 0.10028 0.2087 0.369561 0.487703 0.614283 0.704896 0.76874 0.890597 1.03209 0.975927 1.08442 1.34031 1.22798 2.04781
 0.018974 0.10028 0.2087 0.369561 0.487703 0.614283 0.704896 0.76874 0.890597 1.03209 0.975927 1.08442 1.34031 1.22798 2.04781
 0.0223401 0.163071 0.280874 0.377315 0.475392 0.568401 0.733281 0.803135 0.840265 0.955746 1.07719 0.994085 1.2165 1.3507 1.96939
 0.0223401 0.163071 0.280874 0.377315 0.475392 0.568401 0.733281 0.803135 0.840265 0.955746 1.07719 0.994085 1.2165 1.3507 1.96939
#ngears
3
#minind
 1 1 1
#n_fsh+iproj_yr
60
#n_bts+iproj_yr
42
#nats
19
#yrs_fsh_data
 1964 1965 1966 1967 1968 1969 1970 1971 1972 1973 1974 1975 1976 1977 1978 1979 1980 1981 1982 1983 1984 1985 1986 1987 1988 1989 1990 1991 1992 1993 1994 1995 1996 1997 1998 1999 2000 2001 2002 2003 2004 2005 2006 2007 2008 2009 2010 2011 2012 2013 2014 2015 2016 2017 2018 2019 2020 2021 2022
2023
#yrs_bts_data
 1982 1983 1984 1985 1986 1987 1988 1989 1990 1991 1992 1993 1994 1995 1996 1997 1998 1999 2000 2001 2002 2003 2004 2005 2006 2007 2008 2009 2010 2011 2012 2013 2014 2015 2016 2017 2018 2019 2021 2022 2023
2024
#yrs_ats_data
 1994 1996 1997 1999 2000 2002 2004 2006 2007 2008 2009 2010 2012 2014 2016 2018 2020 2022
2024
#sam_fsh
 10 10 10 10 10 10 10 10 10 10 10 10 10 10 39 39 39 39 39 39 39 39 39 39 39 39 39 259.379 227.236 343.224 285.34 256.035 188.41 317.548 353.309 474.448 480.723 327.006 484.837 439.35 389.132 492.628 504.415 498.441 521.793 418.54 547.457 725.491 605.304 750.599 604.193 818.322 701.613 604.568 665.472 698.31 563.238 814.678 638.961
638.961 
#sam_bts
 77 23 111 30 72 70 61 95 82 65 40 43 52 39 110 42 100 91 80 109 116 80 88 94 138 77 106 67 86 117 125 149 148 202 173 233 99 150 128 163 147
147 
#sam_ats
 43 32 49 67 70 72 51 47 39 35 26 34 44 79 61 50 1 52
52
#err_fsh
 1 1 1 1 1 1 1 1 1 1 1 1 1 1 1 1 1 1 1 1 1 1 1 1 1 1 1 1 1 1 1 1 1 1 1 1 1 1 1 1 1 1 1 1 1 1 1 1 1 1 1 1 1 1 1 1 1 1 1
1 
#err_bts
 1 1 1 1 1 1 1 1 1 1 1 1 1 1 1 1 1 1 1 1 1 1 1 1 1 1 1 1 1 1 1 1 1 1 1 1 1 1 1 1 1
 1 
#err_ats
 1 1 1 1 1 1 1 1 1 1 1 1 1 1 1 1 1 1
1 
#oac_fsh
 0.025321 0.105571 0.165563 0.193611 0.095442 0.268407 0.120764 0.025321 0 0 0 0 0 0 0
 0.01417 0.015327 0.204164 0.550318 0.13476 0.033545 0.032389 0.015327 0 0 0 0 0 0 0
 0.028428 0.168302 0.057358 0.420126 0.264906 0.024151 0.026415 0.010314 0 0 0 0 0 0 0
 0.00946701 0.110178 0.577516 0.0876921 0.16 0.037988 0.011479 0.00568001 0 0 0 0 0 0 0
 0.032939 0.178617 0.140218 0.468517 0.10737 0.030573 0.036579 0.005187 0 0 0 0 0 0 0
 0.014678 0.0797661 0.459233 0.315684 0.10843 0.002305 0.012142 0.00776101 0 0 0 0 0 0 0
 0.156762 0.238147 0.374263 0.176699 0.034247 0.011143 0.005571 0.003168 0 0 0 0 0 0 0
 0.165462 0.049415 0.27603 0.185287 0.274689 0.026683 0.017515 0.004919 0 0 0 0 0 0 0
 0.031428 0.151596 0.349715 0.280079 0.117347 0.046028 0.017471 0.00633501 0 0 0 0 0 0 0
 0.011129 0.100338 0.121466 0.264054 0.202123 0.13807 0.0768219 0.0556429 0.024972 0.00449799 0.000565999 0.00015 3.25e-05 0.000138 0
 0.024247 0.52728 0.194871 0.0554271 0.0744531 0.040192 0.025745 0.02169 0.021289 0.00895401 0.003638 0.000950001 0.000948001 0.000169 0.000147
 0.008543 0.150288 0.691843 0.053185 0.014149 0.026573 0.025452 0.013869 0.008162 0.005747 0.001421 0.000562 9.04e-05 0.000116 0
 0.0002 0.120162 0.454616 0.305986 0.030152 0.013916 0.019279 0.022363 0.017396 0.00857199 0.003956 0.002706 0.000696999 0 0
 0.037672 0.247673 0.331098 0.239905 0.086129 0.019158 0.00703 0.010141 0.008111 0.006514 0.00336 0.001667 0.001229 0.000245 6.78e-05
 0.012042 0.186306 0.308118 0.261359 0.15068 0.040795 0.011772 0.007098 0.008047 0.006471 0.004559 0.001741 0.000722 0.000221 6.92e-05
 0.0395 0.211525 0.280373 0.163648 0.152892 0.0839389 0.021921 0.010012 0.013973 0.010706 0.00686199 0.003069 0.001153 0.000206 0.000222
 0.004034 0.190932 0.339926 0.183116 0.104124 0.0871169 0.034572 0.015525 0.00898099 0.00987699 0.010508 0.00656099 0.003192 0.001036 0.0005
 0.000262 0.033202 0.465713 0.29335 0.104387 0.047308 0.023758 0.01361 0.00740299 0.004299 0.003453 0.002115 0.000698999 0.00029 0.000152
 0.00237 0.012649 0.08055 0.584991 0.210743 0.051754 0.017953 0.017973 0.010743 0.004531 0.002704 0.001587 0.000928 0.000344 0.00018
 0.00290601 0.0679651 0.0904312 0.179378 0.46821 0.125093 0.023738 0.014167 0.011353 0.00636201 0.00435601 0.00280801 0.002017 0.000997002 0.000218
 0.001082 0.023623 0.045694 0.22207 0.253549 0.337247 0.0690131 0.01834 0.012938 0.00806701 0.00366 0.001299 0.00151 0.000861001 0.001046
 0.001377 0.028742 0.198541 0.06341 0.190469 0.167426 0.23081 0.058574 0.019048 0.013449 0.012929 0.005553 0.004909 0.002088 0.002675
 0.001514 0.042154 0.045222 0.366847 0.104926 0.185293 0.108734 0.105004 0.029249 0.00744001 0.001637 0.001264 0.000132 0.000583001 0
 0 0.014353 0.0809019 0.0562789 0.299858 0.100715 0.0888209 0.0657419 0.179309 0.039207 0.028064 0.015557 0.020974 0.004421 0.00579899
 0 0.004867 0.207078 0.192308 0.115004 0.248302 0.102527 0.047866 0.017872 0.044149 0.00832399 0.004658 0.001715 0.002506 0.002825
 0 0.002671 0.030904 0.0835269 0.252883 0.0934729 0.320776 0.0539969 0.0581659 0.018176 0.0723299 0.00610199 0.002235 0.001436 0.003325
 0.000752 0.018901 0.032625 0.125708 0.114964 0.273633 0.074005 0.211015 0.037632 0.058368 0.005178 0.034402 0.004865 0.002677 0.005275
 0.000533242 0.0618742 0.0240978 0.0471516 0.0865258 0.102285 0.277462 0.04222 0.160335 0.0155148 0.0773398 0.0101598 0.0518985 0.0129142 0.0296882
 0.000575633 0.0442694 0.353325 0.068006 0.0416141 0.0568191 0.0699372 0.132611 0.0534825 0.0768598 0.0303018 0.0242311 0.0070249 0.0229138 0.0180293
 3.48677e-05 0.0039181 0.137447 0.604983 0.0543306 0.0349073 0.0350159 0.0297921 0.0454674 0.0111642 0.0172433 0.00652012 0.00710652 0.00356753 0.00850216
 0.000409668 0.0165169 0.0301768 0.19763 0.579858 0.0961428 0.0292927 0.0104544 0.00719058 0.0110332 0.00531674 0.00513364 0.00413436 0.00216971 0.00454029
 0 0.000320265 0.0453842 0.0913814 0.246202 0.473834 0.0848405 0.0215269 0.00764054 0.00466984 0.0108807 0.00311493 0.00361911 0.00103173 0.00555332
 0 0.0153612 0.0340956 0.050904 0.11416 0.256656 0.341631 0.13094 0.0238547 0.00953726 0.0056363 0.00625055 0.00307421 0.00413802 0.0037614
 0.000667663 0.0503881 0.0261566 0.0771715 0.295187 0.187416 0.166284 0.128781 0.0415224 0.00864883 0.00387198 0.00301343 0.00187714 0.00310104 0.00591316
 0.000186522 0.0272039 0.054728 0.0456402 0.0992846 0.455015 0.129206 0.0852832 0.0717 0.0179945 0.00397843 0.00360268 0.00165379 0.00161964 0.00290347
 0.000155512 0.00692352 0.199899 0.150591 0.0689513 0.105076 0.314343 0.0876621 0.0378108 0.0222042 0.0026504 0.00146136 0.000573395 0.000319524 0.00137951
 0 0.0097357 0.049929 0.259506 0.209852 0.0646083 0.101976 0.216637 0.0514244 0.0180007 0.0133499 0.00317681 0.00085885 0.000368616 0.000577112
 0 0.00184866 0.0246124 0.0888802 0.334274 0.238777 0.0789226 0.0742147 0.0904534 0.0332842 0.0193547 0.00932317 0.00315596 0.00177837 0.00112095
 0.000411475 0.0250416 0.0575137 0.115948 0.153066 0.322754 0.142634 0.0524127 0.0457168 0.049996 0.0184221 0.00766623 0.00587793 0.00157324 0.000966184
 0 0.0070242 0.198994 0.156638 0.174172 0.145693 0.16315 0.0766235 0.0238828 0.0189825 0.0172573 0.0110841 0.00319875 0.0017615 0.00153914
 0 0.000255273 0.0424662 0.393909 0.227802 0.112238 0.0802304 0.0740692 0.030788 0.00763894 0.00808552 0.0119775 0.00447759 0.00280488 0.00325715
 0 0.00222984 0.0242477 0.182661 0.401631 0.225335 0.0741445 0.0316558 0.0309767 0.0139956 0.00464871 0.00425078 0.00148496 0.00115429 0.00158437
 0 0.00465314 0.0395896 0.139106 0.291428 0.281076 0.131027 0.0504856 0.0225837 0.0180445 0.00832472 0.00387602 0.00390893 0.00250246 0.00339418
 0.000986722 0.00935678 0.0351935 0.0827548 0.231566 0.304458 0.178862 0.0815181 0.0283096 0.0163601 0.013005 0.00530334 0.00388349 0.00202492 0.00641714
 0 0.0214664 0.0501256 0.0675112 0.125278 0.263902 0.206477 0.126749 0.0718192 0.0188996 0.0149696 0.0123016 0.00735695 0.00236008 0.010784
 0 0.00137069 0.182843 0.208945 0.0859969 0.119217 0.129499 0.108672 0.0694184 0.0418931 0.0245163 0.00793345 0.00777752 0.00282246 0.00909376
 0.000965379 0.0236567 0.0284797 0.500197 0.197158 0.0489481 0.0384576 0.0515784 0.0463014 0.0284565 0.014276 0.00771898 0.00532939 0.00391239 0.00456392
 0.000232302 0.00630029 0.117695 0.0702344 0.492611 0.173322 0.0386973 0.0228372 0.0234355 0.0252111 0.0157095 0.00758861 0.00107039 0.00242026 0.00263506
 0 0.0114323 0.0599422 0.486083 0.0887166 0.222098 0.0726806 0.0188333 0.00895011 0.00749821 0.00817352 0.00692606 0.00380319 0.00315342 0.00171031
 0.000990858 0.000521915 0.0343544 0.183951 0.513537 0.104458 0.0841005 0.0375924 0.0111091 0.00684965 0.00685264 0.00582904 0.0042074 0.00258151 0.00306468
 0 0.0224539 0.0177653 0.0960538 0.2286 0.430388 0.120357 0.0493676 0.0170788 0.00513304 0.00257066 0.00259054 0.00261342 0.00158244 0.00344566
 0 0.0072701 0.297217 0.0922997 0.107419 0.180597 0.239741 0.0417389 0.019799 0.00829547 0.00137961 0.000965187 0.00145423 0.00124853 0.000574626
 0 0.000218673 0.0398164 0.611278 0.0702964 0.0767201 0.0768494 0.0987836 0.014983 0.0060771 0.00351538 0.000213319 0.000516795 0.000294129 0.000437942
 0 0.00103796 0.0134366 0.261921 0.428861 0.102797 0.070391 0.058259 0.0463912 0.0103784 0.003441 0.00267293 0.000235407 0.000116813 6.02706e-05
 0 0.0006081 0.00647043 0.0539249 0.57015 0.237496 0.0491355 0.0384364 0.0284224 0.0121394 0.00200218 0.000514717 0.000170223 0.000298232 0.000232306
 0.00039648 0.00622332 0.00702932 0.0104861 0.0899945 0.523505 0.241238 0.053209 0.0297751 0.0302587 0.00574386 0.00165998 0.00048133 0 0
 0.00189322 0.124845 0.0434655 0.0503487 0.0681096 0.278477 0.303759 0.064281 0.0269128 0.0192092 0.0137243 0.00350028 0.00088077 0.000593094 0
 0 0.0445571 0.518498 0.057637 0.0440019 0.0428661 0.123784 0.118356 0.028839 0.0106126 0.00645748 0.0034018 0.000820308 0 0.000168143
 5.34119e-09 0.0344918 0.0933271 0.554089 0.0972753 0.037826 0.0427922 0.0743189 0.0431111 0.00890029 0.00717637 0.0025354 0.0036182 0.00053805 5.34119e-09
#oac_fsh_sim(itmp)
 0.480367 67.6697 107.062 235.438 982.48 147.888 105.832 56.4069 42.271 33.534 18.0859 2.36846 0.997964 0.691896 0.539496
#obs_bts_data
 3871.9 8929.33 6594.17 7522.25 7242.32 7597.54 11808.3 9944.25 11590.6 7139.78 6657.66 7860.15 7106.74 6614.41 3953.02 4381.29 3426.32 5620.75 7251.14 6079.54 6755.61 11270.3 5492.31 6986.22 4193.39 6782.91 4294.71 2825.22 5286.57 4509.68 5158.55 6739.94 11648.3 11235.5 8282.28 8873.86 4258.43 9288.15 4885.53 6531.97 4934.26
5477.03 
#std_ob_bts_data
 281.285 576.034 440.671 561.621 526.89 598.325 967.753 697.502 992.306 488.285 460.64 500.857 465.633 549.973 241.86 276.848 209.927 402.759 511.173 399.932 394.635 773.694 346.731 466.103 272.03 543.58 335.692 228.882 413.216 321.01 334.318 437.498 654.674 673.14 575.632 452.647 289.332 466.432 261.259 383.483 283.034
1095.41 
#wt_bts
 0.0322867 0.077215 0.181032 0.340103 0.411285 0.77749 1.05063 1.1876 1.4013 1.56672 2.23455 1.99013 1.90357 1.52386 2.94598
 0.0211087 0.100921 0.209231 0.342208 0.536214 0.773799 1.01555 1.45255 1.40555 1.66717 1.52876 1.57705 2.01332 2.12679 1.83438
 0.0170482 0.0844253 0.21527 0.314234 0.43248 0.602643 0.925662 1.31314 1.26811 1.47324 1.98515 1.68762 1.90474 1.42614 2.12213
 0.030844 0.093489 0.228604 0.368481 0.480966 0.715014 0.909883 1.2127 1.7231 1.43634 1.53226 1.7765 2.03758 1.65232 2.63422
 0.0186563 0.0734581 0.16897 0.309573 0.413698 0.607613 0.766757 1.01753 1.30433 1.64984 1.27611 1.38089 1.98283 2.23343 2.22291
 0.0231257 0.12261 0.253187 0.331759 0.422182 0.546805 0.718041 0.848685 1.00841 1.26139 1.58084 1.61216 2.2016 2.04484 2.39497
 0.0189122 0.132748 0.280946 0.330493 0.445718 0.493965 0.589816 0.814366 0.908014 1.03984 1.22993 1.28469 1.57075 0.686443 1.74033
 0.0223865 0.0823733 0.168914 0.277038 0.370971 0.549128 0.661911 0.836812 1.02749 1.00004 1.11542 1.01362 1.26007 1.14383 1.10276
 0.0292635 0.0973156 0.187398 0.355865 0.478474 0.544806 0.614303 0.734885 1.02926 0.979339 1.0233 1.18788 0.854594 1.3901 1.71444
 0.0301017 0.144805 0.200617 0.333015 0.565419 0.650029 0.776533 0.855622 1.01592 1.10457 1.28747 1.37009 1.34715 1.73275 1.69132
 0.0296761 0.134166 0.254853 0.399708 0.463905 0.570071 0.756097 0.770658 0.928946 1.00789 1.13785 1.52017 1.53898 1.42639 1.56277
 0.0157967 0.0975038 0.249519 0.408696 0.464365 0.548046 0.661876 0.783198 0.986841 0.999096 1.14866 1.28548 1.50888 1.57648 1.90897
 0.0246614 0.116858 0.211796 0.400951 0.5362 0.672016 0.64823 1.0463 1.16582 1.10663 1.21935 1.24053 1.3672 1.43616 1.45057
 0.0184223 0.105173 0.16853 0.362557 0.47814 0.648494 0.623746 0.785126 0.910894 1.28094 1.22221 1.25404 1.39942 1.42175 1.74011
 0.0214852 0.11152 0.151067 0.299702 0.486576 0.583185 0.75779 0.819825 0.979358 1.02341 1.35009 1.46144 1.48749 1.6393 1.96385
 0.0170114 0.0948146 0.188844 0.276878 0.381694 0.530467 0.673519 0.776023 0.996497 0.96586 1.21131 1.46477 1.08992 1.5664 1.95104
 0.0158502 0.080854 0.212802 0.332302 0.446032 0.519241 0.811083 0.887033 1.07766 1.29264 1.59189 1.41457 1.51557 1.66917 1.90507
 0.0204497 0.0968465 0.216293 0.35085 0.39225 0.526306 0.615738 0.881697 1.03755 1.00826 1.2786 1.13221 1.66606 1.75982 2.19231
 0.0174206 0.0847713 0.219145 0.398124 0.470044 0.520967 0.722163 0.759369 0.924925 1.03492 1.23595 1.33812 1.78175 1.62557 2.04789
 0.0215953 0.0923404 0.201417 0.355505 0.616727 0.729437 0.749937 1.00042 0.981826 1.03086 1.27782 1.41905 1.47356 1.76557 1.53912
 0.0254146 0.107211 0.268623 0.402463 0.543861 0.68498 0.7128 0.904262 1.00633 1.05345 1.00974 1.13901 1.47413 1.40958 2.10825
 0.0316415 0.109468 0.34165 0.418994 0.647751 0.709832 0.886409 0.868749 1.12354 1.23942 1.26892 1.28464 1.36859 1.74732 1.78031
 0.0348939 0.202284 0.283823 0.515738 0.595007 0.749772 0.894927 0.93153 1.11922 1.02684 1.27863 1.55157 1.53706 2.37517 1.71201
 0.033688 0.112223 0.23067 0.394158 0.539363 0.698344 0.858539 0.930552 0.992546 1.22254 1.38309 1.22912 1.40069 1.50443 1.68166
 0.00968446 0.0865956 0.178796 0.457327 0.604509 0.679088 0.78869 0.865782 1.05763 1.1711 1.27871 1.33633 1.66865 1.51889 1.70381
 0.0150991 0.0999631 0.294495 0.492993 0.637474 0.809543 0.928332 1.05955 1.00195 1.3145 1.30871 1.26821 1.41661 1.36723 1.38535
 0.0185769 0.0591918 0.219837 0.491126 0.600914 0.730421 0.857304 0.946021 0.987455 1.15357 1.63952 1.37238 1.70823 1.53951 1.68194
 0.019493 0.0702772 0.241369 0.508742 0.688201 0.814734 1.00967 1.06761 1.12089 1.359 1.44925 1.76896 1.76668 2.04918 2.48598
 0.0226675 0.069353 0.244199 0.495736 0.657448 0.804058 1.09668 1.13977 1.2598 1.37647 1.19045 1.3893 1.62876 2.16063 2.22121
 0.0184473 0.0812447 0.216208 0.510739 0.653306 0.785463 0.906993 1.06617 1.15891 1.24559 1.35805 1.41922 1.36456 1.49629 2.01588
 0.0171121 0.0759356 0.28487 0.409726 0.59167 0.73827 0.865179 1.00838 1.3536 1.20343 1.34043 1.42436 1.49963 1.71091 1.98093
 0.0204647 0.0665334 0.227585 0.516289 0.57709 0.720654 0.973432 1.17261 1.26515 1.46085 1.51326 1.40364 1.71707 1.82197 1.96513
 0.0186013 0.112635 0.392706 0.445264 0.567321 0.693243 0.736621 0.977807 1.13573 1.33562 1.53386 1.4838 1.63767 1.63832 2.0124
 0.019864 0.0905211 0.346923 0.442184 0.566481 0.675397 0.741835 0.864184 1.06374 1.27008 1.54519 1.45499 1.44556 1.48161 1.59584
 0.0218328 0.0904036 0.278174 0.523996 0.573844 0.687664 0.764497 0.794738 0.883473 0.918824 1.19346 1.84649 1.24356 1.22836 1.39273
 0.026187 0.0962557 0.241681 0.488024 0.62145 0.649308 0.739666 0.782473 0.888836 0.922831 0.997859 1.01259 1.32334 1.02 1.8132
 0.023781 0.101379 0.209517 0.441549 0.575455 0.664683 0.756219 0.750222 0.845314 0.885738 0.722257 0.838246 0.876 1.07393 0.963645
 0.0262554 0.111565 0.292267 0.505462 0.641915 0.714739 0.823084 0.898604 0.90104 0.989176 0.985562 1.04287 1.06775 1.12 1.38986
 0.0232584 0.148369 0.277941 0.439964 0.589726 0.695618 0.774388 0.854263 0.959977 1.23314 1.02255 1.34996 1.30677 0.92734 1.3889
 0.0204773 0.104115 0.347386 0.452086 0.58268 0.668196 0.763919 0.852686 0.944894 0.97167 1.12162 1.47375 1.24166 0.895336 1.24747
 0.0204773 0.104115 0.315244 0.418147 0.529962 0.64178 0.784158 0.924561 0.979107 1.02373 1.16584 1.1374 1.44525 1.84518 1.428
 0.0204773 0.104115 0.315244 0.418147 0.529962 0.64178 0.784158 0.924561 0.979107 1.02373 1.16584 1.1374 1.44525 1.84518 1.428
#std_ot_bts
 14111.9 19731.3 10431.4 20832.4 12635.7 13298.7 20210.5 16808.3 18105.8 11671.3 9824.17 12168 11754.7 15651.4 7164.99 10373.7 6805.97 10275 12070.3 9976.74 10154.8 16085.2 7150.19 9735.2 5934.83 9716.36 5164.88 4448.5 7544.36 6110.9 8504.12 10289.8 16288.7 14753.1 11394.6 10916.3 7885.2 12014.7 12000 12000 12000
 566.008
#oac_bts_data
 0.0819209 0.206727 0.239763 0.325736 0.11031 0.0147145 0.00949804 0.00455246 0.00281896 0.00177395 0.00109169 0.000646029 0.000241041 0.000104087 0.000102438
 0.173327 0.0410128 0.112247 0.17485 0.358813 0.10347 0.0175582 0.00794382 0.00363259 0.00326202 0.00232399 0.000841026 0.000310086 0.000277805 0.000130394
 0.0372496 0.0306427 0.0623934 0.171673 0.190623 0.407213 0.0721034 0.0154506 0.0070382 0.00235798 0.0016099 0.000604753 0.000363735 0.00045403 0.000223263
 0.237575 0.0383766 0.18901 0.066531 0.218562 0.134473 0.0888785 0.0169072 0.00412575 0.00348986 0.00121617 0.000381339 0.000406904 3.4e-05 3.19e-05
 0.174139 0.0579346 0.0467776 0.197118 0.100689 0.152063 0.126239 0.105265 0.0313394 0.00484543 0.00217623 0.000961441 8.81e-05 0.000268768 9.62e-05
 0.034843 0.0488806 0.0830277 0.0652673 0.39338 0.103095 0.0941911 0.0366086 0.114262 0.0180197 0.00552164 0.00210022 0.000416201 0.000204642 0.000182277
 0.0669926 0.0332942 0.103991 0.20363 0.0876794 0.270583 0.0724378 0.0512869 0.0284782 0.0685996 0.00661397 0.00388944 0.000865475 0.00104451 0.000614299
 0.0434463 0.0261986 0.0461654 0.146507 0.324753 0.0612089 0.215912 0.0303314 0.0335768 0.0125586 0.0393543 0.00672716 0.00601253 0.00281135 0.00443632
 0.101806 0.0126438 0.00505391 0.0520511 0.117514 0.380753 0.0700393 0.166195 0.0157299 0.0270486 0.0041005 0.0381103 0.00327729 0.00238864 0.00328885
 0.245856 0.0701883 0.0272105 0.0105878 0.0749025 0.06416 0.191717 0.0667848 0.129 0.0325683 0.0434933 0.00891458 0.0261414 0.00397029 0.00450457
 0.144194 0.0403098 0.268146 0.0401997 0.0483927 0.0784242 0.0698174 0.0973446 0.0418615 0.0773942 0.0266501 0.0331265 0.0141217 0.0111187 0.00889924
 0.18728 0.0308325 0.080034 0.356524 0.0742388 0.0564096 0.0281781 0.0369386 0.0468083 0.0285754 0.0247229 0.0179222 0.0142913 0.00779835 0.00944554
 0.117206 0.0520536 0.0382745 0.149089 0.434324 0.0705952 0.016934 0.0130456 0.0141041 0.026053 0.0158907 0.0219706 0.00839519 0.00821407 0.01385
 0.102397 0.0137263 0.0301645 0.126604 0.185023 0.323314 0.118518 0.025628 0.0148894 0.00936117 0.0172184 0.00696811 0.0127701 0.00519243 0.00822598
 0.243012 0.0534212 0.0249066 0.0509415 0.141323 0.187607 0.160379 0.0528759 0.0127924 0.0138345 0.00925141 0.0176721 0.00593817 0.010638 0.0154066
 0.225081 0.0392031 0.0213782 0.0260803 0.298329 0.136563 0.0801643 0.103065 0.0177914 0.00894752 0.0065022 0.00697153 0.0118776 0.00380293 0.0142428
 0.112536 0.0891135 0.0480649 0.0345106 0.0720308 0.395746 0.101442 0.0614325 0.0466641 0.0119972 0.00529069 0.00181504 0.00413656 0.00444806 0.0107727
 0.0874057 0.0982651 0.114449 0.10908 0.060488 0.111322 0.260572 0.0668187 0.0317846 0.0293562 0.010981 0.00465401 0.00189688 0.00280608 0.0101204
 0.0762313 0.0273525 0.050551 0.156996 0.157608 0.087379 0.0695181 0.211114 0.0798846 0.0416545 0.0178534 0.0114274 0.00358096 0.00162196 0.00722714
 0.1746 0.10742 0.0637558 0.0615643 0.148231 0.145514 0.0606685 0.0294791 0.0874234 0.0622545 0.0237027 0.0184953 0.00709205 0.0025864 0.00721342
 0.12493 0.0361981 0.0728559 0.11342 0.125307 0.162472 0.0811141 0.0392508 0.0525492 0.0979735 0.0488633 0.0224666 0.0133698 0.00422126 0.00500915
 0.0398249 0.0115509 0.0787376 0.127625 0.145902 0.12511 0.15699 0.0810914 0.0338569 0.0442463 0.086152 0.0389745 0.0161869 0.00663056 0.00712136
 0.0494903 0.0332389 0.0237433 0.201711 0.19769 0.146513 0.081889 0.0866146 0.0428833 0.027052 0.0270827 0.0496389 0.0220043 0.00567694 0.00477153
 0.038975 0.0143844 0.023441 0.113442 0.322734 0.205002 0.103817 0.0471185 0.0358266 0.0260685 0.00726094 0.0151553 0.0250739 0.0102268 0.0114744
 0.118075 0.0109166 0.0164892 0.0752192 0.202332 0.238133 0.13994 0.0637585 0.0353885 0.0295306 0.0142039 0.0088138 0.0126413 0.01703 0.0175294
 0.216683 0.00538726 0.0175578 0.0558951 0.175187 0.198582 0.132079 0.0929539 0.0363943 0.0156196 0.0145039 0.0123101 0.00568701 0.00691836 0.014241
 0.0807466 0.0197395 0.022004 0.0421947 0.126705 0.248366 0.180495 0.114914 0.0685528 0.0248808 0.0202957 0.0152796 0.00698064 0.00386196 0.0249829
 0.172241 0.0431335 0.0884705 0.0996242 0.0677283 0.102167 0.144899 0.110139 0.0789083 0.035879 0.022602 0.00714977 0.00719264 0.00370987 0.0161557
 0.0535562 0.0150994 0.034558 0.451703 0.18591 0.0522245 0.0417527 0.0427522 0.0428623 0.0293701 0.0250002 0.00909256 0.00543738 0.00321545 0.00746648
 0.187666 0.0198305 0.0516553 0.062131 0.311808 0.150492 0.0424905 0.0231776 0.0352492 0.034769 0.0296327 0.0227565 0.00992067 0.00468136 0.0137409
 0.130411 0.0209339 0.0492724 0.424474 0.0967489 0.14474 0.0459567 0.0172235 0.0114993 0.0157877 0.0126987 0.0109787 0.00945449 0.00339096 0.00642933
 0.113364 0.0120712 0.0246559 0.102686 0.495479 0.111706 0.0680802 0.0238118 0.00806179 0.00719969 0.00945097 0.00715822 0.00687986 0.00393028 0.00546465
 0.129893 0.0249884 0.0143423 0.0253956 0.118132 0.397825 0.196244 0.0411702 0.0223759 0.00807297 0.00315569 0.00451347 0.00468099 0.00231065 0.0068988
 0.0828253 0.0528849 0.157749 0.0420637 0.0861135 0.155315 0.292694 0.0864024 0.0218313 0.0107913 0.0015415 0.00147037 0.00277422 0.00169677 0.00384688
 0.0555193 0.0346072 0.0509951 0.281543 0.118759 0.0838887 0.123654 0.188206 0.0378596 0.0154849 0.0055698 0.00122126 0.00127473 0.000456992 0.00096111
 0.0561454 0.0230662 0.0391503 0.19044 0.25116 0.114705 0.0883797 0.082889 0.105938 0.0304081 0.0116783 0.00391978 0.000596716 0.000349842 0.00117256
 0.14078 0.0588719 0.0314629 0.0454627 0.311972 0.191737 0.0665274 0.0484397 0.0497965 0.0407723 0.0114292 0.00177803 0.000228179 3.7e-05 0.000705234
 0.161118 0.0428797 0.03561 0.0369104 0.105592 0.376705 0.150564 0.0358166 0.0258081 0.0152789 0.00804094 0.00364951 0.00144568 0.000414443 0.000166956
 0.110729 0.0863858 0.213307 0.0811499 0.0740568 0.0538542 0.137443 0.158579 0.0419473 0.0162654 0.0136804 0.00883922 0.00193101 0.00136285 0.000469619
 0.0704912 0.030157 0.0513223 0.344586 0.162014 0.0636194 0.0705209 0.0929123 0.0726191 0.0220074 0.00847345 0.00700317 0.00279973 0.00129975 0.000174093
 0.13541 0.047097 0.0420014 0.077045 0.329351 0.0958102 0.0529223 0.0528897 0.0841034 0.0593657 0.0127212 0.00530157 0.0032564 0.0012899 0.00143497
 392.513 101.993 147.906 149.526 340.948 1684.43 457.79 199.068 81.7769 93.7874 96.0823 21.0278 3.087 1.73361 1.72123
#oac_ats_data
 1140.09 4969.05 1424.47 1818.58 2251.77 389.113 108.592 95.8883 56.2019 67.1252 30.3256 51.1369 20.6335 17.6282 34.3561
 1800.25 566.665 552.161 2741.06 914.963 633.531 585.041 141.69 38.6158 28.17 22.421 39.4719 13.9316 24.8152 35.7587
 13226.8 2881.04 440.494 535.641 2330.32 546.444 313.012 290.362 75.11 27.8291 30.8667 35.151 38.9219 18.7147 68.9217
 607.204 1779.99 3717.06 1809.67 651.862 397.521 1548.03 526.252 180.021 141.646 48.2429 20.4995 10.2668 7.79537 20.0881
 460.366 1322.03 1230.05 2588.03 1011.83 326.615 308.364 949.552 277.585 134.098 60.2586 35.5996 6.98737 4.55513 10.2105
 796.397 4943.94 3385.1 1294.93 660.618 935.293 538.442 140.358 162.446 304.461 103.612 45.3722 20.1956 12.1793 7.28116
 83.0545 313.469 1216.89 3122.59 1634.31 567.116 287.709 282.711 120.91 68.4905 58.8519 77.0053 37.4214 12.5338 10.6308
 524.711 216.996 291.246 654.097 783.376 658.556 390.2 144.889 74.7955 58.5539 32.8249 21.7192 16.4928 19.7941 22.0451
 5775.29 1040.59 345.098 477.803 793.688 729.444 406.888 240.79 97.6869 39.2616 37.2404 18.8164 9.17212 9.57837 21.0212
 70.8699 2914.78 1046.98 166.036 160.839 287.57 234.907 136.089 101.848 31.9958 30.1357 19.0002 10.873 5.62285 22.4712
 5196.79 815.829 1734.13 281.267 76.6945 94.1047 128.877 110.763 76.7204 44.2259 25.1742 11.2892 10.0558 5.50011 18.1895
 2567.93 6404.13 983.555 2294.89 445.875 73.0829 33.2464 36.8873 37.7528 28.9322 25.9561 13.1439 8.02621 4.89059 9.77144
 177.346 1988.66 1692.89 2710.23 279.686 366.668 113.14 35.6873 24.8946 28.7422 25.0566 17.8944 16.1693 5.07592 9.9052
 4750.83 8655.13 969.461 1161.05 1118.69 1769.62 740.12 170.146 78.81 31.52 12.5799 13.87 14.0597 7.70357 19.0704
 173.752 1037.87 4496.06 4476.4 715.465 348.099 392.196 420.287 95.6671 30.7435 17.9827 5.84351 3.552 2.24752 3.46612
 449.956 516.609 248.642 621.182 2267.54 944.103 198.378 111.753 107.307 74.9109 19.7241 5.50648 2.85383 0 1.37963
 350 1180 4550 4440 1190 490 560 650 130 60 30 10 10 0 10
 141.56 332.318 975.224 6577.73 819.422 211.035 132.975 239.122 166.251 33.8592 16.7263 17.8978 6.57677 2.13902 1.56653
 2316.12 2895.96 1277.37 905.459 1179.26 2792.68 288.096 61.4346 29.3327 25.4815 17.6181 5.4895 0.969142 0.284679 0.376156
#std_ot_ats
 1756.21 886.36 956.993 2135.99 965.497 1466.77 1032.6 469.3 666.378 1459.29 1033.59 2461.36 1650.1 3236.31 3054.03 1500 4000 4000
2359.18
#obs_ats_data
 3628.93 2944.77 3590.84 4141.37 3625.86 4305.86 4009.94 1872.86 2277.94 1405.59 1324.78 2642.67 2295.95 4729.83 4828.79 2499.4 3617 3834.04
 2054.83
#std_ob_ats_data
 685.888 437.88 485.95 846.424 466.543 535.679 579.137 293.237 399.673 365.99 425.211 661.556 365.48 761.95 422.061 460.779 1625.43 1228.11
 308.225
#wt_ats
 0.0280983 0.0889504 0.233834 0.387289 0.562235 0.632201 0.704352 0.848888 0.969022 1.13836 1.23182 1.44521 1.40386 1.35663 1.82259
 0.037774 0.0791807 0.228031 0.330858 0.482485 0.671084 0.828614 0.853917 0.971968 1.04654 1.21182 1.40649 1.17131 1.47078 1.5959
 0.0338021 0.13474 0.257568 0.384177 0.479309 0.611452 0.785806 0.979087 1.04596 1.14558 1.23957 1.71502 2.03376 1.67279 1.42311
 0.0294282 0.0986272 0.235584 0.380246 0.466445 0.599929 0.642847 0.696933 0.808573 0.934792 0.983716 1.11009 0.896257 1.61904 1.28967
 0.0315328 0.113173 0.240188 0.392893 0.543012 0.639747 0.712192 0.745851 0.782381 0.901469 1.09485 0.923575 1.07247 1.8921 1.41694
 0.0333278 0.133009 0.256049 0.396708 0.563822 0.679884 0.805021 0.936518 1.00647 1.03443 1.14294 1.09698 1.50818 1.4405 1.30902
 0.0234171 0.115008 0.276889 0.459929 0.569257 0.692991 0.767982 0.857368 0.913346 0.987011 1.02218 1.10497 1.04827 1.07025 1.34957
 0.0193808 0.10146 0.244145 0.378146 0.526992 0.652067 0.763604 0.846668 0.93352 0.971437 1.00115 1.14953 1.21169 1.28105 1.17992
 0.0184956 0.0871934 0.279247 0.437188 0.582489 0.686632 0.788236 0.871 0.9701 1.10271 1.10567 1.23695 1.23549 1.74946 1.23063
 0.0225536 0.0835334 0.213971 0.406608 0.575801 0.689063 0.805223 0.981971 0.96832 1.26256 1.24721 1.24665 1.38971 1.63803 1.24697
 0.02032 0.108501 0.241959 0.416451 0.646619 0.785333 0.950143 1.03062 1.06402 1.32836 1.32654 1.54704 1.55659 1.53682 1.74372
 0.0316891 0.117343 0.221258 0.441148 0.565233 0.721913 0.936799 1.33656 1.57448 1.62244 1.69253 1.89536 1.927 1.94145 1.96177
 0.0270621 0.0959196 0.196688 0.375679 0.532484 0.689809 0.83814 0.928383 1.2696 1.26711 1.32831 1.38774 1.46134 1.76474 1.75766
 0.0252254 0.134561 0.223625 0.394297 0.547276 0.694534 0.762828 0.997098 1.14201 1.26636 1.44411 1.711 1.90302 1.79456 1.77669
 0.0333002 0.109915 0.2659 0.48098 0.538858 0.632338 0.696644 0.785593 0.846709 0.960479 1.16677 1.36947 1.6232 1.68479 1.73822
 0.029279 0.113888 0.251123 0.406434 0.512022 0.595796 0.6786 0.721863 0.817825 0.874899 0.977608 1.04471 1.15193 1.38905 1.62617
 0.029279 0.113888 0.251123 0.406434 0.512022 0.595796 0.6786 0.721863 0.817825 0.874899 0.977608 1.04471 1.15193 1.38905 1.62617
 0.0223401 0.163071 0.280874 0.377315 0.475392 0.568401 0.733281 0.803135 0.840265 0.955746 1.07719 0.994085 1.2165 1.3507 1.96939
 0.0223401 0.163071 0.280874 0.377315 0.475392 0.568401 0.733281 0.803135 0.840265 0.955746 1.07719 0.994085 1.2165 1.3507 1.96939

#bottom_temp
 0.80157 1.30878 0.887 0.963 0.660695 1.36387 0.937347 1.26377 1.03611 1.21835 0.770515 1.31696 0.565789 0.646255 1.44758 1.09525 1.476 0.149056 0.870974 1.0492 1.4319 1.62911 1.4676 1.49988 0.651584 0.644704 0.407247 0.439672 0.439672 0.439672 0.439672 0.439672 0.439672 0.439672 0.4 0.4 0.4 0.4 0.4 0.4 0.4
 4  
#n_age_err
1
#age_err
 0.994 0.00576 1.72e-14 0 0 0 0 0 0 0 0 0 0 0 0
 0.0176 0.965 0.0176 1.32e-10 0 0 0 0 0 0 0 0 0 0 0
 3.02e-08 0.0355 0.929 0.0355 3.02e-08 0 0 0 0 0 0 0 0 0 0
 1.38e-15 1.06e-06 0.057 0.886 0.0570151 1.06e-06 0 0 0 0 0 0 0 0 0
 4e-23 1.07e-12 1.25e-05 0.08 0.84 0.0800111 1.25e-05 1.07e-12 0 0 0 0 0 0 0
 2.6e-30 4.3e-19 1.28e-10 7.42e-05 0.103 0.794 0.102942 7.42e-05 1.28e-10 0 0 0 0 0 0
 5.84e-37 2.15e-25 4.21e-16 4.5e-09 0.000281 0.125 0.75 0.124855 0.000281265 4.5e-09 0 0 0 0 0
 4.98e-43 2.22e-31 1.21e-21 8.05e-14 6.83e-08 0.000784 0.145 0.708 0.145168 0.000783758 6.83e-08 8.05e-14 0 0 0
 1.53e-48 5.72e-37 4.96e-27 1.01e-18 4.86e-12 5.73e-07 0.00176 0.164 0.669 0.163535 0.00175627 5.73e-07 4.86e-12 0 0
 1.53e-53 3.84e-42 3.73e-32 1.42e-23 2.12e-16 1.27e-10 3.13e-06 0.00336 0.18 0.634 0.179774 0.00335636 3.13e-06 1.27e-10 0
 4.45e-58 6.52e-47 5.64e-37 2.88e-28 8.78e-21 1.6e-14 1.78e-09 1.24e-05 0.00569 0.194 0.600935 0.193828 0.00569276 1.24e-05 1.78e-09
 3.32e-62 2.65e-51 1.75e-41 9.64e-33 4.43e-25 1.71e-18 5.57e-13 1.56e-08 3.86e-05 0.00881 0.206 0.570832 0.205734 0.00881111 3.86e-05
 5.73e-66 2.39e-55 1.1e-45 5.57e-37 3.13e-29 1.95e-22 1.36e-16 1.06e-11 9.5e-08 9.93e-05 0.0127 0.215603 0.543205 0.215603 0.0127942
 2.08e-69 4.47e-59 1.34e-49 5.65e-41 3.33e-33 2.76e-26 3.22e-20 5.34e-15 1.26e-10 4.33e-07 0.00022 0.0172757 0.223589 0.517829 0.241086
 1.46e-72 1.62e-62 3.07e-53 9.94e-45 5.52e-37 5.26e-30 8.63e-24 2.44e-18 1.2e-13 1.03e-09 1.57e-06 0.000433888 0.0224485 0.229872 0.747244
#nlbins
50
#olc_fsh
 0.000155363 8.34256e-05 7.67429e-05 0.000118744 0.000131 0.000165676 0.000462502 0.000816164 0.0014853 0.00349217 0.00648251 0.0122926 0.0208559 0.0330352 0.0518852 0.0698884 0.0818884 0.0850309 0.0706065 0.0527404 0.0356825 0.0255196 0.0211611 0.0231594 0.0278773 0.0371028 0.0435329 0.0473829 0.046224 0.0418302 0.0367093 0.029873 0.0237344 0.0182052 0.012919 0.0102773 0.00712691 0.00557235 0.00390163 0.00293623 0.00219387 0.00146556 0.00121571 0.000831263 0.000627142 0.000379651 0.000319687 0.00024473 0.000171208 0.000130158
#age_lenold
 1 0 0 0 0 0 0 0 0 0 0 0 0 0 0 0 0 0 0 0 0 0 0 0 0
 0.99 0.00949 2.22e-05 2.22e-05 3.44e-07 8.89e-09 6.42e-10 3.83e-11 1.89e-12 7.67e-14 2.55e-15 1.11e-16 0 0 0 0 0 0 0 0 0 0 0 0 0
 0.18 0.234 0.271 0.196 0.0746 0.0241 0.0118277 0.00514832 0.00198581 0.000678747 0.000205576 5.52e-05 1.31e-05 2.76e-06 5.16e-07 9.45e-08 5.14e-09 6.64e-11 5.32e-13 2.66e-15 0 0 0 0 0
 0.00166 0.00913 0.0377 0.105 0.14 0.118 0.127 0.123 0.108 0.085343 0.0611639 0.0396254 0.0232061 0.0122851 0.00587894 0.00316157 0.000799915 7.79e-05 5.1e-06 2.24e-07 6.61e-09 1.31e-10 1.73e-12 1.53e-14 0
 2.23e-06 3.45e-05 0.000382 0.00289 0.00901 0.0142 0.0258 0.0427 0.0641 0.0873 0.107986 0.121218 0.123525 0.11427 0.0959612 0.101111 0.0649271 0.019726 0.00410357 0.000584149 5.69e-05 3.78e-06 1.72e-07 5.32e-09 1.14e-10
 2.71e-08 5.22e-07 7.65e-06 8.2e-05 0.000357 0.000736 0.00172 0.00373 0.00747 0.0138 0.0236 0.0372748 0.0543789 0.0733052 0.091312 0.160683 0.217652 0.166757 0.0937213 0.0386334 0.0116778 0.00258769 0.000420211 5e-05 4.65e-06
 8.28e-10 1.75e-08 2.92e-07 3.73e-06 1.93e-05 4.59e-05 0.000123 0.00031 0.000728 0.0016 0.00327 0.00627 0.0112259 0.0187853 0.0293778 0.0702166 0.149284 0.1976 0.200435 0.155804 0.0928067 0.0423586 0.0148119 0.00396752 0.000958662
 5.3e-11 1.16e-09 2.06e-08 2.88e-07 1.64e-06 4.24e-06 1.23e-05 3.38e-05 8.71e-05 0.000212 0.000485 0.00104 0.00212 0.00405257 0.00729594 0.0211652 0.0600186 0.112302 0.165885 0.193449 0.178104 0.129457 0.0742853 0.0336497 0.0163364
 1.11e-11 2.24e-10 3.81e-09 5.24e-08 2.99e-07 7.82e-07 2.32e-06 6.53e-06 1.74e-05 4.4e-05 0.000106 0.00024 0.000517 0.00105806 0.0020515 0.00662611 0.0222172 0.0512141 0.09572 0.145061 0.178256 0.177621 0.143515 0.0940267 0.0816991
 1.41e-11 2.2e-10 3.03e-09 3.49e-08 1.76e-07 4.27e-07 1.2e-06 3.2e-06 8.19e-06 2e-05 4.67e-05 0.000104 0.000222 0.0004529 0.00088199 0.00289994 0.0101866 0.0254174 0.0529996 0.0923566 0.134502 0.163705 0.166523 0.141568 0.208101
 2.43e-11 3.02e-10 3.43e-09 3.33e-08 1.49e-07 3.34e-07 8.81e-07 2.23e-06 5.43e-06 1.27e-05 2.86e-05 6.18e-05 0.000128 0.000257 0.000493 0.00160724 0.0056728 0.0145423 0.031884 0.0597899 0.0958971 0.131557 0.154367 0.154929 0.348763
 5.09e-11 5.12e-10 4.87e-09 4.03e-08 1.61e-07 3.35e-07 8.31e-07 1.99e-06 4.6e-06 1.03e-05 2.22e-05 4.63e-05 9.31e-05 0.000181 0.00034 0.00108314 0.00375339 0.00959398 0.0213601 0.0414229 0.0699713 0.102955 0.131954 0.147316 0.469891
 1.18e-10 9.82e-10 7.95e-09 5.69e-08 2.04e-07 3.96e-07 9.28e-07 2.11e-06 4.64e-06 9.9e-06 2.05e-05 4.11e-05 7.98e-05 0.00015 0.000275 0.00085008 0.00285607 0.00715572 0.0158468 0.03102 0.0536731 0.0820898 0.11098 0.132623 0.56232
 2.89e-10 2.01e-09 1.41e-08 8.85e-08 2.88e-07 5.22e-07 1.16e-06 2.5e-06 5.26e-06 1.07e-05 2.13e-05 4.11e-05 7.72e-05 0.000141 0.00025 0.000748308 0.00242205 0.00589158 0.0128208 0.0249597 0.0434717 0.0677361 0.0944239 0.117759 0.629216
 2.36e-10 1.36e-09 8.28e-09 4.58e-08 1.36e-07 2.34e-07 4.97e-07 1.03e-06 2.09e-06 4.15e-06 8.02e-06 1.52e-05 2.8e-05 5.05e-05 8.89e-05 0.000265358 0.000866491 0.00216402 0.00492189 0.0101948 0.0192308 0.0330367 0.0516864 0.0736438 0.803791
#EOF
1234567
